#  Space-time domain Green function database
#  calculated on Tue Jun 02 14:57:23 2020
#================================================
#  data_type size: REAL*4
#================================================
#  time_window[s] sampling[s] number_of_samples
    200.00      0.01 20001
#================================================
#  number of distances, list of distances[km]
     365
     0.000     0.999     2.023     3.071     4.145
     5.243     6.366     7.513     8.686     9.883
    11.105    12.351    13.623    14.919    16.240
    17.586    18.957    20.352    21.772    23.217
    24.687    26.181    27.700    29.244    30.813
    32.406    34.025    35.668    37.336    39.028
    40.745    42.488    44.255    46.046    47.863
    49.704    51.570    53.461    55.376    57.316
    59.282    61.271    63.286    65.325    67.390
    69.478    71.592    73.731    75.894    78.082
    80.295    82.532    84.795    87.082    89.394
    91.730    94.092    96.478    98.889   101.324
   103.785   106.270   108.780   111.315   113.875
   116.459   119.068   121.702   124.361   127.044
   129.752   132.485   135.243   138.026   140.833
   143.665   146.522   149.403   152.310   155.241
   158.197   161.178   164.183   167.213   170.268
   173.348   176.453   179.582   182.736   185.915
   189.118   192.347   195.600   198.878   202.181
   205.508   208.860   212.237   215.639   219.066
   222.517   225.993   229.494   233.020   236.570
   240.145   243.745   247.370   251.020   254.694
   258.393   262.117   265.865   269.639   273.437
   277.260   281.107   284.980   288.877   292.799
   296.746   300.717   304.714   308.735   312.781
   316.851   320.947   325.067   329.212   333.381
   337.576   341.795   346.039   350.308   354.602
   358.920   363.263   367.631   372.024   376.441
   380.883   385.350   389.842   394.358   398.900
   403.466   408.056   412.672   417.312   421.978
   426.667   431.382   436.122   440.886   445.675
   450.488   455.327   460.190   465.078   469.991
   474.929   479.891   484.878   489.890   494.927
   499.988   505.075   510.186   515.321   520.482
   525.667   530.877   536.112   541.372   546.656
   551.965   557.299   562.658   568.042   573.450
   578.883   584.341   589.823   595.331   600.863
   606.420   612.001   617.608   623.239   628.895
   634.576   640.281   646.011   651.766   657.546
   663.351   669.180   675.034   680.913   686.817
   692.745   698.699   704.677   710.679   716.707
   722.759   728.836   734.938   741.065   747.216
   753.392   759.593   765.819   772.070   778.345
   784.645   790.970   797.319   803.694   810.093
   816.516   822.965   829.439   835.937   842.460
   849.007   855.580   862.177   868.799   875.446
   882.118   888.814   895.535   902.281   909.052
   915.847   922.667   929.512   936.382   943.277
   950.196   957.140   964.109   971.102   978.121
   985.164   992.232   999.325  1006.442  1013.584
  1020.751  1027.943  1035.160  1042.401  1049.667
  1056.958  1064.274  1071.614  1078.979  1086.369
  1093.784  1101.223  1108.688  1116.177  1123.690
  1131.229  1138.792  1146.380  1153.993  1161.631
  1169.293  1176.981  1184.693  1192.429  1200.191
  1207.977  1215.788  1223.624  1231.485  1239.370
  1247.280  1255.215  1263.175  1271.159  1279.168
  1287.202  1295.261  1303.345  1311.453  1319.586
  1327.744  1335.927  1344.134  1352.366  1360.623
  1368.905  1377.211  1385.543  1393.899  1402.279
  1410.685  1419.115  1427.570  1436.050  1444.555
  1453.084  1461.639  1470.218  1478.821  1487.450
  1496.103  1504.781  1513.484  1522.212  1530.964
  1539.741  1548.543  1557.370  1566.221  1575.097
  1583.998  1592.924  1601.875  1610.850  1619.850
  1628.875  1637.924  1646.999  1656.098  1665.222
  1674.371  1683.544  1692.742  1701.965  1711.213
  1720.486  1729.783  1739.105  1748.452  1757.824
  1767.220  1776.641  1786.087  1795.558  1805.053
  1814.574  1824.119  1833.688  1843.283  1852.902
  1862.546  1872.215  1881.909  1891.627  1901.371
  1911.139  1920.931  1930.749  1940.591  1950.458
  1960.350  1970.267  1980.208  1990.174  2000.000
#================================================
#  each binary file includes all fundamental
#  velocity Green functions for a given source
#  depth data are stored in the following order:
#  {distance
#   {time_reduction,
#    mechanism(expl.,strike-slip,dip-slip,clvd)
#     {component(vertical,radial,tangential*)
#      {time_series}}}}
#  note: time reduction [s] needs (4)+4+(4)
#        bytes, each time series (seimogram)
#        needs (4)+number_of_samples*4+(4)
#        bytes, where (4) bytes are for the
#        reserved places before and after each
#        record
#        *)no tangential component for explosion
#          and clvd sources
#================================================
#  number of source_depths / files,
#  list of source_depths / filenames
         1
      20.0  'grn_d20'
#  layered earth model:
#  number of layers
  154
#  no thickness[km]      vp[km/s]      vs[km/s]   rho[g/cm^3]        qp        qs
    1       20.0000        5.8000        3.4600        2.6000    872.36    599.99
    2       15.0000        6.5000        3.8500        2.9200    855.66    599.99
    3       42.5000        8.0425        4.4849        3.5020    375.44    246.59
    4       42.5000        8.0477        4.4949        3.4642    115.09     75.83
    5       22.5000        8.0816        4.5022        3.4128    116.07     76.18
    6       22.5000        8.1438        4.5067        3.3849    117.60     76.43
    7       22.5000        8.2064        4.5113        3.3593    120.08     77.26
    8       22.5000        8.2692        4.5160        3.3359    123.51     78.69
    9       16.6667        8.3309        4.5335        3.3313    211.68    134.16
   10       16.6667        8.3914        4.5639        3.3452    213.26    135.05
   11       16.6667        8.4519        4.5942        3.3593    214.85    135.94
   12       16.6667        8.5126        4.6239        3.3737    216.58    136.88
   13       16.6667        8.5736        4.6529        3.3886    218.45    137.88
   14       16.6667        8.6345        4.6819        3.4035    220.32    138.88
   15       16.6667        8.6954        4.7108        3.4187    222.30    139.94
   16       16.6667        8.7563        4.7398        3.4343    224.38    141.07
   17       16.6667        8.8171        4.7687        3.4499    226.46    142.20
   18       16.6667        8.8780        4.7977        3.4658    228.65    143.39
   19       16.6667        8.9389        4.8267        3.4822    230.96    144.66
   20       16.6667        8.9997        4.8557        3.4986    233.27    145.94
   21       16.6667        9.3881        5.0982        3.9310    257.83    162.89
   22       16.6667        9.4440        5.1335        3.9295    258.70    163.69
   23       16.6667        9.5000        5.1687        3.9280    259.58    164.48
   24       16.6667        9.5560        5.2040        3.9266    260.35    165.19
   25       16.6667        9.6121        5.2393        3.9253    261.01    165.84
   26       16.6667        9.6681        5.2745        3.9240    261.67    166.48
   27       25.0000        9.7381        5.3189        3.9229    262.50    167.30
   28       25.0000        9.8220        5.3722        3.9222    263.50    168.29
   29       25.0000        9.9060        5.4253        3.9215    264.55    169.29
   30       25.0000        9.9900        5.4782        3.9209    265.63    170.31
   31       25.0000       10.0740        5.5311        3.9205    266.76    171.35
   32       25.0000       10.1580        5.5840        3.9202    267.92    172.40
   33       16.6667       10.8128        5.9822        4.2486    844.26    548.46
   34       16.6667       10.8565        6.0252        4.2685    837.35    546.47
   35       16.6667       10.9003        6.0683        4.2886    830.43    544.48
   36       25.0000       10.9555        6.1198        4.3130    822.53    542.02
   37       25.0000       11.0220        6.1799        4.3420    813.62    539.09
   38       49.5000       11.0954        6.2262        4.3841    806.06    534.77
   39       49.5000       11.1791        6.2611        4.4383    799.79    529.12
   40       49.5000       11.2648        6.2981        4.4905    793.44    523.58
   41       49.5000       11.3482        6.3341        4.5407    787.17    518.14
   42       49.5000       11.4300        6.3689        4.5790    781.06    512.83
   43       49.5000       11.5098        6.4021        4.6062    775.15    507.62
   44       49.5000       11.5879        6.4348        4.6332    769.25    502.52
   45       49.5000       11.6642        6.4668        4.6601    763.42    497.52
   46       49.5000       11.7394        6.4976        4.6868    757.78    492.62
   47       49.5000       11.8129        6.5281        4.7133    752.14    487.82
   48       49.5000       11.8849        6.5579        4.7397    746.55    483.11
   49       49.5000       11.9549        6.5868        4.7659    741.03    478.48
   50       49.5000       12.0231        6.6147        4.7920    735.62    473.94
   51       49.5000       12.0909        6.6419        4.8178    730.36    469.50
   52       49.5000       12.1579        6.6683        4.8434    725.25    465.12
   53       49.5000       12.2235        6.6941        4.8689    720.20    460.84
   54       49.5000       12.2869        6.7196        4.8943    715.11    456.63
   55       49.5000       12.3497        6.7451        4.9195    710.04    452.50
   56       49.5000       12.4120        6.7699        4.9445    705.11    448.44
   57       49.5000       12.4728        6.7938        4.9693    700.28    444.46
   58       49.5000       12.5334        6.8172        4.9939    694.06    439.58
   59       49.5000       12.5932        6.8403        5.0184    686.45    433.86
   60       49.5000       12.6516        6.8630        5.0427    678.98    428.28
   61       49.5000       12.7095        6.8857        5.0668    670.25    421.97
   62       49.5000       12.7670        6.9083        5.0908    663.09    416.68
   63       49.5000       12.8240        6.9305        5.1145    658.85    413.23
   64       49.5000       12.8808        6.9520        5.1381    653.42    409.01
   65       49.5000       12.9378        6.9738        5.1615    648.07    404.87
   66       49.5000       12.9944        6.9960        5.1847    642.75    400.82
   67       49.5000       13.0506        7.0177        5.2077    635.05    395.29
   68       49.5000       13.1061        7.0395        5.2306    627.47    389.88
   69       49.5000       13.1616        7.0613        5.2533    621.28    385.37
   70       49.5000       13.2180        7.0827        5.2758    615.35    380.97
   71       49.5000       13.2741        7.1038        5.2981    610.71    377.37
   72       49.5000       13.3300        7.1256        5.3202    606.07    373.85
   73       49.5000       13.3870        7.1476        5.3422    600.43    369.70
   74       49.5000       13.4448        7.1694        5.3639    595.00    365.64
   75       48.5000       13.5026        7.1917        5.3855    589.60    361.67
   76       50.0000       13.5605        7.2142        5.4069    583.28    357.16
   77       50.0000       13.6198        7.2369        5.4281    577.15    352.75
   78       49.6700       13.6515        7.2539        5.7065    446.43    272.86
   79       49.6600       13.6551        7.2646        5.7327    447.41    273.97
   80       52.1700       13.6585        7.2758        5.7589    446.53    273.97
   81       47.8300        8.0191        0.0000        9.9543  57822.00      0.00
   82       25.1650        8.0607        0.0000       10.0136  57822.00      0.00
   83       25.1650        8.1058        0.0000       10.0526  57822.00      0.00
   84       25.1650        8.1515        0.0000       10.0912  57822.00      0.00
   85       25.1650        8.1980        0.0000       10.1294  57822.00      0.00
   86       25.1650        8.2440        0.0000       10.1671  57822.00      0.00
   87       25.1650        8.2895        0.0000       10.2045  57822.00      0.00
   88       25.1700        8.3342        0.0000       10.2415  57822.00      0.00
   89       25.1700        8.3781        0.0000       10.2781  57822.00      0.00
   90       25.1650        8.4216        0.0000       10.3142  57822.00      0.00
   91       25.1650        8.4646        0.0000       10.3500  57822.00      0.00
   92       50.3300        8.5276        0.0000       10.4028  57822.00      0.00
   93       50.3300        8.6094        0.0000       10.4719  57822.00      0.00
   94       50.3300        8.6889        0.0000       10.5396  57822.00      0.00
   95       50.3300        8.7659        0.0000       10.6057  57822.00      0.00
   96       50.3300        8.8398        0.0000       10.6704  57822.00      0.00
   97       50.3300        8.9111        0.0000       10.7335  57822.00      0.00
   98       50.3300        8.9799        0.0000       10.7952  57822.00      0.00
   99       50.3400        9.0465        0.0000       10.8554  57822.00      0.00
  100       50.3300        9.1109        0.0000       10.9143  57822.00      0.00
  101       50.3300        9.1734        0.0000       10.9717  57822.00      0.00
  102       50.3300        9.2338        0.0000       11.0278  57822.00      0.00
  103       50.3300        9.2919        0.0000       11.0825  57822.00      0.00
  104       50.3300        9.3482        0.0000       11.1359  57822.00      0.00
  105       50.3300        9.4028        0.0000       11.1880  57822.00      0.00
  106       50.3300        9.4555        0.0000       11.2388  57822.00      0.00
  107       50.3300        9.5060        0.0000       11.2883  57822.00      0.00
  108       50.3400        9.5541        0.0000       11.3365  57822.00      0.00
  109       50.3300        9.6004        0.0000       11.3836  57822.00      0.00
  110       50.3300        9.6452        0.0000       11.4295  57822.00      0.00
  111       50.3300        9.6886        0.0000       11.4741  57822.00      0.00
  112       50.3300        9.7306        0.0000       11.5176  57822.00      0.00
  113       50.3300        9.7713        0.0000       11.5600  57822.00      0.00
  114       50.3300        9.8109        0.0000       11.6012  57822.00      0.00
  115       50.3300        9.8493        0.0000       11.6414  57822.00      0.00
  116       50.3300        9.8866        0.0000       11.6805  57822.00      0.00
  117       50.3400        9.9230        0.0000       11.7185  57822.00      0.00
  118       50.3300        9.9585        0.0000       11.7555  57822.00      0.00
  119       50.3300        9.9932        0.0000       11.7914  57822.00      0.00
  120       50.3300       10.0271        0.0000       11.8264  57822.00      0.00
  121       50.3300       10.0603        0.0000       11.8604  57822.00      0.00
  122       50.3300       10.0931        0.0000       11.8935  57822.00      0.00
  123       50.3300       10.1255        0.0000       11.9256  57822.00      0.00
  124       50.3300       10.1577        0.0000       11.9568  57822.00      0.00
  125       50.3300       10.1894        0.0000       11.9861  57822.00      0.00
  126       50.3400       10.2189        0.0000       12.0156  57822.00      0.00
  127       50.3300       10.2447        0.0000       12.0452  57822.00      0.00
  128       50.3300       10.2655        0.0000       12.0730  57822.00      0.00
  129       50.3300       10.2799        0.0000       12.1000  57822.00      0.00
  130       49.9300       10.2872        0.0000       12.1262  57822.00      0.00
  131       51.1100       11.0506        3.5114       12.7163    338.58     85.03
  132       50.7100       11.0651        3.5250       12.7409    336.99     85.03
  133       50.7200       11.0784        3.5374       12.7645    335.55     85.03
  134       50.7100       11.0916        3.5492       12.7870    334.21     85.03
  135       50.7100       11.1074        3.5605       12.8084    333.12     85.03
  136       50.7100       11.1241        3.5712       12.8287    332.20     85.03
  137       50.7200       11.1386        3.5814       12.8480    331.26     85.03
  138       50.7100       11.1523        3.5910       12.8662    330.37     85.03
  139       50.7100       11.1652        3.6000       12.8834    329.54     85.03
  140       50.7100       11.1773        3.6084       12.8994    328.78     85.03
  141       50.7200       11.1886        3.6163       12.9144    328.07     85.03
  142       50.7100       11.1991        3.6236       12.9284    327.40     85.03
  143       50.7100       11.2087        3.6304       12.9412    326.80     85.03
  144       50.7100       11.2176        3.6366       12.9530    326.25     85.03
  145       50.7200       11.2257        3.6422       12.9637    325.75     85.03
  146       50.7100       11.2329        3.6473       12.9733    325.29     85.03
  147       50.7100       11.2394        3.6518       12.9819    324.89     85.03
  148       50.7100       11.2450        3.6558       12.9894    324.55     85.03
  149       50.7200       11.2499        3.6592       12.9958    324.25     85.03
  150       50.7100       11.2539        3.6620       13.0012    324.01     85.03
  151       50.7100       11.2571        3.6642       13.0055    323.81     85.03
  152       50.7100       11.2596        3.6659       13.0087    323.66     85.03
  153       50.7200       11.2612        3.6670       13.0108    323.57     85.03
  154       50.7100       11.2620        3.6676       13.0119    323.52     85.03
#================================================
#  binary files of arrival time [s], takeoff
#  angle [deg] and slowness [s/m] for P and S
#  waves. data are stored in the following order:
#  {green_function_depth
#   {green_function_distance,
#      {onset,takeoff, slowness}}}
#  note: each table needs (4)+number_of_distances
#        number_of_depths*12+(4)bytes, where (4)
#        bytes are for the reserved places before
#         and after each record
#================================================
  'tptable.dat'
  'tstable.dat'
